6.066862106323242188e+00
2.910583734512329102e+00
-4.060099989175797001e-03
7.529856720939278464e-03
2.421095240116119540e-02
-1.299999999999999940e-02
2.999999999999999889e-02
1.199999999999999956e-01
-0.000000000000000000e+00
-0.000000000000000000e+00
0.000000000000000000e+00
3.831561903953548814e-02
-5.962141188482104285e-04
1.498564487219930389e-03
-4.060099989175797001e-03
7.529856720939278464e-03
2.421095240116119540e-02
1.121183189563453031e-03
-2.028867757320404197e-01
5.233281325548889279e-03
-1.339143514633178711e-02
2.782633341848850250e-02
8.960539847612380981e-02
-2.653325162827968597e-02
-8.458615541458129883e-01
-2.586425840854644775e-02
