5.097506761550903320e+00
6.304616928100585938e-01
-5.198547307461500247e-03
1.295502800715342406e-02
4.234583781852573753e-02
-1.299999999999999940e-02
2.999999999999999889e-02
1.199999999999999956e-01
-0.000000000000000000e+00
-0.000000000000000000e+00
0.000000000000000000e+00
3.106166487258967338e-02
-5.202895152279242950e-04
1.136752418394277979e-03
-5.198547307461500247e-03
1.295502800715342406e-02
4.234583781852573753e-02
1.520201040463894926e-02
-3.265308516367078639e-01
3.186182283925265146e-02
-1.073130965232849121e-02
2.767677605152130127e-02
9.048012644052505493e-02
2.912385202944278717e-02
-6.956368088722229004e-01
6.480614095926284790e-02
