5.003847837448120117e+00
5.731582641601562500e-03
-1.549704191958923422e-02
2.750328914044131851e-02
8.756963231025682859e-02
-1.099999999999999936e-02
2.999999999999999889e-02
1.050000000000000100e-01
-0.000000000000000000e+00
-0.000000000000000000e+00
0.000000000000000000e+00
8.715183844871583763e-03
3.748923201413091209e-04
2.081363135141624536e-04
-1.549704191958923422e-02
2.750328914044131851e-02
8.756963231025682859e-02
1.826027494351619915e-02
-6.820190682568498808e-01
1.837075708782860348e-02
-1.549702882766723633e-02
2.750330790877342224e-02
8.756968379020690918e-02
1.825912669301033020e-02
-6.820186376571655273e-01
1.836967095732688904e-02
