5.005526304244995117e+00
7.256031036376953125e-03
3.141548672565410132e-03
3.220480407063507078e-02
9.850184704287795467e-02
3.000000000000000062e-03
3.500000000000000333e-02
1.089999999999999997e-01
0.000000000000000000e+00
0.000000000000000000e+00
0.000000000000000000e+00
4.724168830704916257e-03
-1.062008317864078883e-05
2.097173553975654602e-04
2.125875973817212142e-04
-4.779037430388354381e-07
9.437280992890445845e-06
3.141548672565410132e-03
3.220480407063507078e-02
9.850184704287795467e-02
-7.293453796029626679e-02
-7.091352703561033533e-01
-4.992255162782547467e-02
3.141552209854125977e-03
3.220484033226966858e-02
9.850195795297622681e-02
-7.293462008237838745e-02
-7.091360688209533691e-01
-4.992260783910751343e-02
